% ID	X	Y	Z	Power	direction
 0 	 0.000000 	 0.000000 	 35.000000 	 43.000000 	 0.000000 
 1 	 5542.562578 	 -0.000010 	 35.000000 	 43.000000 	 0.000000 
 2 	 2771.281280 	 4799.999979 	 35.000000 	 43.000000 	 0.000000 
 3 	 -2771.281298 	 4799.999990 	 35.000000 	 43.000000 	 0.000000 
 4 	 -5542.562578 	 0.000010 	 35.000000 	 43.000000 	 0.000000 
 5 	 -2771.281280 	 -4799.999979 	 35.000000 	 43.000000 	 0.000000 
 6 	 2771.281298 	 -4799.999990 	 35.000000 	 43.000000 	 0.000000 
 7 	 11085.125156 	 -0.000021 	 35.000000 	 43.000000 	 0.000000 
 8 	 8313.843858 	 4799.999969 	 35.000000 	 43.000000 	 0.000000 
 9 	 5542.562560 	 9599.999958 	 35.000000 	 43.000000 	 0.000000 
 10 	 -0.000018 	 9599.999969 	 35.000000 	 43.000000 	 0.000000 
 11 	 -5542.562596 	 9599.999979 	 35.000000 	 43.000000 	 0.000000 
 12 	 -8313.843876 	 4800.000000 	 35.000000 	 43.000000 	 0.000000 
 13 	 -11085.125156 	 0.000021 	 35.000000 	 43.000000 	 0.000000 
 14 	 -8313.843858 	 -4799.999969 	 35.000000 	 43.000000 	 0.000000 
 15 	 -5542.562560 	 -9599.999958 	 35.000000 	 43.000000 	 0.000000 
 16 	 0.000018 	 -9599.999969 	 35.000000 	 43.000000 	 0.000000 
 17 	 5542.562596 	 -9599.999979 	 35.000000 	 43.000000 	 0.000000 
 18 	 8313.843876 	 -4800.000000 	 35.000000 	 43.000000 	 0.000000 
 19 	 16627.687734 	 -0.000031 	 35.000000 	 43.000000 	 0.000000 
 20 	 13856.406436 	 4799.999958 	 35.000000 	 43.000000 	 0.000000 
 21 	 11085.125138 	 9599.999948 	 35.000000 	 43.000000 	 0.000000 
 22 	 8313.843840 	 14399.999937 	 35.000000 	 43.000000 	 0.000000 
 23 	 2771.281262 	 14399.999948 	 35.000000 	 43.000000 	 0.000000 
 24 	 -2771.281316 	 14399.999958 	 35.000000 	 43.000000 	 0.000000 
 25 	 -8313.843894 	 14399.999969 	 35.000000 	 43.000000 	 0.000000 
 26 	 -11085.125174 	 9599.999990 	 35.000000 	 43.000000 	 0.000000 
 27 	 -13856.406454 	 4800.000010 	 35.000000 	 43.000000 	 0.000000 
 28 	 -16627.687734 	 0.000031 	 35.000000 	 43.000000 	 0.000000 
 29 	 -13856.406436 	 -4799.999958 	 35.000000 	 43.000000 	 0.000000 
 30 	 -11085.125138 	 -9599.999948 	 35.000000 	 43.000000 	 0.000000 
 31 	 -8313.843840 	 -14399.999937 	 35.000000 	 43.000000 	 0.000000 
 32 	 -2771.281262 	 -14399.999948 	 35.000000 	 43.000000 	 0.000000 
 33 	 2771.281316 	 -14399.999958 	 35.000000 	 43.000000 	 0.000000 
 34 	 8313.843894 	 -14399.999969 	 35.000000 	 43.000000 	 0.000000 
 35 	 11085.125174 	 -9599.999990 	 35.000000 	 43.000000 	 0.000000 
 36 	 13856.406454 	 -4800.000010 	 35.000000 	 43.000000 	 0.000000 
 37 	 22170.250313 	 -0.000042 	 35.000000 	 43.000000 	 0.000000 
 38 	 19398.969014 	 4799.999948 	 35.000000 	 43.000000 	 0.000000 
 39 	 0.000000 	 0.000000 	 35.000000 	 43.000000 	 120.000000 
 40 	 5542.562578 	 -0.000010 	 35.000000 	 43.000000 	 120.000000 
 41 	 2771.281280 	 4799.999979 	 35.000000 	 43.000000 	 120.000000 
 42 	 -2771.281298 	 4799.999990 	 35.000000 	 43.000000 	 120.000000 
 43 	 -5542.562578 	 0.000010 	 35.000000 	 43.000000 	 120.000000 
 44 	 -2771.281280 	 -4799.999979 	 35.000000 	 43.000000 	 120.000000 
 45 	 2771.281298 	 -4799.999990 	 35.000000 	 43.000000 	 120.000000 
 46 	 11085.125156 	 -0.000021 	 35.000000 	 43.000000 	 120.000000 
 47 	 8313.843858 	 4799.999969 	 35.000000 	 43.000000 	 120.000000 
 48 	 5542.562560 	 9599.999958 	 35.000000 	 43.000000 	 120.000000 
 49 	 -0.000018 	 9599.999969 	 35.000000 	 43.000000 	 120.000000 
 50 	 -5542.562596 	 9599.999979 	 35.000000 	 43.000000 	 120.000000 
 51 	 -8313.843876 	 4800.000000 	 35.000000 	 43.000000 	 120.000000 
 52 	 -11085.125156 	 0.000021 	 35.000000 	 43.000000 	 120.000000 
 53 	 -8313.843858 	 -4799.999969 	 35.000000 	 43.000000 	 120.000000 
 54 	 -5542.562560 	 -9599.999958 	 35.000000 	 43.000000 	 120.000000 
 55 	 0.000018 	 -9599.999969 	 35.000000 	 43.000000 	 120.000000 
 56 	 5542.562596 	 -9599.999979 	 35.000000 	 43.000000 	 120.000000 
 57 	 8313.843876 	 -4800.000000 	 35.000000 	 43.000000 	 120.000000 
 58 	 16627.687734 	 -0.000031 	 35.000000 	 43.000000 	 120.000000 
 59 	 13856.406436 	 4799.999958 	 35.000000 	 43.000000 	 120.000000 
 60 	 11085.125138 	 9599.999948 	 35.000000 	 43.000000 	 120.000000 
 61 	 8313.843840 	 14399.999937 	 35.000000 	 43.000000 	 120.000000 
 62 	 2771.281262 	 14399.999948 	 35.000000 	 43.000000 	 120.000000 
 63 	 -2771.281316 	 14399.999958 	 35.000000 	 43.000000 	 120.000000 
 64 	 -8313.843894 	 14399.999969 	 35.000000 	 43.000000 	 120.000000 
 65 	 -11085.125174 	 9599.999990 	 35.000000 	 43.000000 	 120.000000 
 66 	 -13856.406454 	 4800.000010 	 35.000000 	 43.000000 	 120.000000 
 67 	 -16627.687734 	 0.000031 	 35.000000 	 43.000000 	 120.000000 
 68 	 -13856.406436 	 -4799.999958 	 35.000000 	 43.000000 	 120.000000 
 69 	 -11085.125138 	 -9599.999948 	 35.000000 	 43.000000 	 120.000000 
 70 	 -8313.843840 	 -14399.999937 	 35.000000 	 43.000000 	 120.000000 
 71 	 -2771.281262 	 -14399.999948 	 35.000000 	 43.000000 	 120.000000 
 72 	 2771.281316 	 -14399.999958 	 35.000000 	 43.000000 	 120.000000 
 73 	 8313.843894 	 -14399.999969 	 35.000000 	 43.000000 	 120.000000 
 74 	 11085.125174 	 -9599.999990 	 35.000000 	 43.000000 	 120.000000 
 75 	 13856.406454 	 -4800.000010 	 35.000000 	 43.000000 	 120.000000 
 76 	 22170.250313 	 -0.000042 	 35.000000 	 43.000000 	 120.000000 
 77 	 19398.969014 	 4799.999948 	 35.000000 	 43.000000 	 120.000000 
 78 	 0.000000 	 0.000000 	 35.000000 	 43.000000 	 -120.000000 
 79 	 5542.562578 	 -0.000010 	 35.000000 	 43.000000 	 -120.000000 
 80 	 2771.281280 	 4799.999979 	 35.000000 	 43.000000 	 -120.000000 
 81 	 -2771.281298 	 4799.999990 	 35.000000 	 43.000000 	 -120.000000 
 82 	 -5542.562578 	 0.000010 	 35.000000 	 43.000000 	 -120.000000 
 83 	 -2771.281280 	 -4799.999979 	 35.000000 	 43.000000 	 -120.000000 
 84 	 2771.281298 	 -4799.999990 	 35.000000 	 43.000000 	 -120.000000 
 85 	 11085.125156 	 -0.000021 	 35.000000 	 43.000000 	 -120.000000 
 86 	 8313.843858 	 4799.999969 	 35.000000 	 43.000000 	 -120.000000 
 87 	 5542.562560 	 9599.999958 	 35.000000 	 43.000000 	 -120.000000 
 88 	 -0.000018 	 9599.999969 	 35.000000 	 43.000000 	 -120.000000 
 89 	 -5542.562596 	 9599.999979 	 35.000000 	 43.000000 	 -120.000000 
 90 	 -8313.843876 	 4800.000000 	 35.000000 	 43.000000 	 -120.000000 
 91 	 -11085.125156 	 0.000021 	 35.000000 	 43.000000 	 -120.000000 
 92 	 -8313.843858 	 -4799.999969 	 35.000000 	 43.000000 	 -120.000000 
 93 	 -5542.562560 	 -9599.999958 	 35.000000 	 43.000000 	 -120.000000 
 94 	 0.000018 	 -9599.999969 	 35.000000 	 43.000000 	 -120.000000 
 95 	 5542.562596 	 -9599.999979 	 35.000000 	 43.000000 	 -120.000000 
 96 	 8313.843876 	 -4800.000000 	 35.000000 	 43.000000 	 -120.000000 
 97 	 16627.687734 	 -0.000031 	 35.000000 	 43.000000 	 -120.000000 
 98 	 13856.406436 	 4799.999958 	 35.000000 	 43.000000 	 -120.000000 
 99 	 11085.125138 	 9599.999948 	 35.000000 	 43.000000 	 -120.000000 
 100 	 8313.843840 	 14399.999937 	 35.000000 	 43.000000 	 -120.000000 
 101 	 2771.281262 	 14399.999948 	 35.000000 	 43.000000 	 -120.000000 
 102 	 -2771.281316 	 14399.999958 	 35.000000 	 43.000000 	 -120.000000 
 103 	 -8313.843894 	 14399.999969 	 35.000000 	 43.000000 	 -120.000000 
 104 	 -11085.125174 	 9599.999990 	 35.000000 	 43.000000 	 -120.000000 
 105 	 -13856.406454 	 4800.000010 	 35.000000 	 43.000000 	 -120.000000 
 106 	 -16627.687734 	 0.000031 	 35.000000 	 43.000000 	 -120.000000 
 107 	 -13856.406436 	 -4799.999958 	 35.000000 	 43.000000 	 -120.000000 
 108 	 -11085.125138 	 -9599.999948 	 35.000000 	 43.000000 	 -120.000000 
 109 	 -8313.843840 	 -14399.999937 	 35.000000 	 43.000000 	 -120.000000 
 110 	 -2771.281262 	 -14399.999948 	 35.000000 	 43.000000 	 -120.000000 
 111 	 2771.281316 	 -14399.999958 	 35.000000 	 43.000000 	 -120.000000 
 112 	 8313.843894 	 -14399.999969 	 35.000000 	 43.000000 	 -120.000000 
 113 	 11085.125174 	 -9599.999990 	 35.000000 	 43.000000 	 -120.000000 
 114 	 13856.406454 	 -4800.000010 	 35.000000 	 43.000000 	 -120.000000 
 115 	 22170.250313 	 -0.000042 	 35.000000 	 43.000000 	 -120.000000 
 116 	 19398.969014 	 4799.999948 	 35.000000 	 43.000000 	 -120.000000 